MatLab_Code/Uz_3D.grd
DSAA
101 101
-2500 2500
-2500 2500
0.0737105 3.24229
[rows 0 to 27 of 101, columns 0 to 63 of 101]
0.123546 0.126257 0.129141 0.132194 0.135412 0.138791 0.142324 0.146007 0.149832 0.153793 0.157881 0.162087 0.166403 0.170817 0.175317 0.179893 0.18453 0.189215 0.193932 0.198667 0.203402 0.20812 0.212804 0.217436 0.221997 0.226469 0.230834 0.235072 0.239166 0.243099 0.246855 0.250417 0.253773 0.256908 0.259813 0.262477 0.264894 0.267058 0.268966 0.270617 0.272013 0.273157 0.274055 0.274714 0.275143 0.275354 0.275359 0.275172 0.274806 0.274278 0.273601 0.272792 0.271864 0.270831 0.269707 0.268501 0.267223 0.265881 0.264479 0.263021 0.261507 0.259935 0.258302 0.256601
0.127246 0.130117 0.133174 0.136415 0.139834 0.143428 0.14719 0.151116 0.155198 0.159428 0.1638 0.168302 0.172927 0.177661 0.182494 0.187413 0.192402 0.197448 0.202533 0.207642 0.212756 0.217856 0.222924 0.227938 0.232879 0.237727 0.24246 0.247058 0.251502 0.255771 0.259848 0.263715 0.267357 0.270758 0.273907 0.276793 0.279409 0.281747 0.283806 0.285584 0.287082 0.288306 0.289261 0.289957 0.290405 0.290617 0.290609 0.290396 0.289995 0.289424 0.2887 0.287841 0.286863 0.285784 0.284616 0.283373 0.282065 0.280701 0.279287 0.277824 0.276314 0.274752 0.273134 0.271451
0.131117 0.134159 0.137403 0.140845 0.14448 0.148305 0.152314 0.156501 0.160859 0.165381 0.170058 0.174882 0.17984 0.184922 0.190116 0.195406 0.200779 0.206217 0.211704 0.217221 0.222749 0.228266 0.233752 0.239185 0.244543 0.249802 0.254939 0.259932 0.264759 0.269397 0.273826 0.278027 0.281982 0.285674 0.28909 0.292218 0.295048 0.297576 0.299795 0.301707 0.303314 0.304619 0.305633 0.306364 0.306826 0.307034 0.307006 0.30676 0.306315 0.305693 0.304914 0.303999 0.302967 0.301837 0.300625 0.299347 0.298015 0.296638 0.295221 0.293769 0.292279 0.290748 0.289167 0.287527
0.135155 0.138381 0.141824 0.145481 0.149349 0.153422 0.157695 0.162163 0.166819 0.171655 0.176662 0.181831 0.187151 0.19261 0.198193 0.203887 0.209676 0.215541 0.221465 0.227427 0.233406 0.239379 0.245323 0.251214 0.257027 0.262737 0.268317 0.273744 0.27899 0.284033 0.288849 0.293416 0.297713 0.301724 0.305431 0.308821 0.311886 0.314616 0.317009 0.319064 0.320784 0.322174 0.323244 0.324007 0.324479 0.324676 0.324619 0.32433 0.323833 0.323151 0.322309 0.32133 0.320238 0.319055 0.3178 0.31649 0.31514 0.31376 0.312356 0.310932 0.309486 0.308011 0.306498 0.304933
0.13936 0.142781 0.146437 0.150324 0.154439 0.158778 0.163335 0.168104 0.173079 0.178253 0.183615 0.189157 0.194867 0.200732 0.206738 0.21287 0.21911 0.225439 0.231838 0.238284 0.244755 0.251225 0.25767 0.264062 0.270374 0.276578 0.282644 0.288545 0.294253 0.29974 0.30498 0.309947 0.314621 0.318979 0.323004 0.326681 0.329999 0.33295 0.335528 0.337735 0.339573 0.341049 0.342176 0.342967 0.343441 0.343618 0.343523 0.343181 0.342619 0.341866 0.34095 0.3399 0.338743 0.337503 0.336205 0.334868 0.333509 0.332141 0.330769 0.329398 0.328024 0.326639 0.325231 0.323781
0.143725 0.147355 0.151238 0.15537 0.15975 0.164372 0.169232 0.174324 0.179642 0.185178 0.190922 0.196865 0.202995 0.209299 0.215762 0.222366 0.229095 0.235928 0.242843 0.249817 0.256824 0.263837 0.270828 0.277768 0.284626 0.291371 0.29797 0.304392 0.310606 0.31658 0.322285 0.327693 0.332778 0.337517 0.34189 0.345879 0.349472 0.35266 0.355438 0.357806 0.359767 0.361332 0.362512 0.363326 0.363794 0.363941 0.363795 0.363387 0.362747 0.36191 0.36091 0.359778 0.358549 0.35725 0.355911 0.354553 0.353198 0.351858 0.350543 0.349254 0.347989 0.346736 0.34548 0.344196
0.148249 0.152099 0.156223 0.160617 0.165278 0.170202 0.175386 0.180823 0.186507 0.192431 0.198585 0.20496 0.211542 0.218318 0.225274 0.23239 0.239648 0.247027 0.254503 0.26205 0.269641 0.277246 0.284834 0.292373 0.299828 0.307166 0.314349 0.321343 0.328112 0.334621 0.340836 0.346727 0.352264 0.35742 0.362173 0.366503 0.370395 0.373839 0.37683 0.379369 0.381459 0.383112 0.384343 0.385172 0.385624 0.385728 0.385517 0.385026 0.384293 0.383358 0.382259 0.381035 0.379726 0.378365 0.376987 0.375617 0.37428 0.372992 0.371762 0.370595 0.369483 0.368416 0.36737 0.366318
0.152925 0.15701 0.161389 0.166059 0.171019 0.176266 0.181794 0.187599 0.193675 0.200014 0.206607 0.213444 0.220512 0.227798 0.235284 0.242953 0.250784 0.258754 0.266838 0.275008 0.283234 0.291484 0.299723 0.307917 0.316026 0.324012 0.331836 0.339457 0.346835 0.353932 0.360708 0.367129 0.373162 0.378775 0.383943 0.388644 0.392861 0.396582 0.399802 0.402521 0.404745 0.406486 0.407762 0.408597 0.409021 0.409067 0.408773 0.408182 0.407337 0.406284 0.405071 0.403743 0.402345 0.400919 0.399504 0.398133 0.396833 0.395624 0.394518 0.393517 0.392617 0.391799 0.391038 0.390298
0.157749 0.162081 0.166729 0.171694 0.176971 0.182559 0.188454 0.194651 0.201144 0.207926 0.214989 0.222321 0.22991 0.237743 0.245801 0.254065 0.262515 0.271125 0.279868 0.288714 0.297631 0.306583 0.315533 0.324441 0.333266 0.341963 0.350488 0.358797 0.366844 0.374586 0.381979 0.388982 0.395557 0.401672 0.407294 0.4124 0.41697 0.420991 0.424456 0.427366 0.429727 0.431555 0.43287 0.4337 0.43408 0.434049 0.433651 0.432937 0.431957 0.430767 0.42942 0.427972 0.426476 0.424981 0.423534 0.422174 0.420934 0.419838 0.4189 0.418125 0.417503 0.417016 0.41663 0.416303
0.162712 0.167305 0.172239 0.177513 0.183127 0.189076 0.19536 0.201973 0.208911 0.216165 0.223729 0.231591 0.239739 0.248158 0.256831 0.265737 0.274854 0.284155 0.293611 0.303191 0.312859 0.322575 0.3323 0.341988 0.351594 0.361069 0.370363 0.379427 0.388208 0.396658 0.404727 0.41237 0.419542 0.426206 0.432326 0.437874 0.442827 0.447172 0.450899 0.45401 0.456513 0.458425 0.45977 0.460581 0.460898 0.460767 0.460241 0.459377 0.458237 0.456883 0.45538 0.453794 0.452188 0.45062 0.449145 0.447812 0.44666 0.445717 0.445003 0.444521 0.444263 0.444205 0.444308 0.444517
0.167809 0.172676 0.17791 0.183512 0.189479 0.195812 0.202507 0.209562 0.216971 0.224728 0.232826 0.241253 0.249999 0.259046 0.268379 0.277975 0.28781 0.297858 0.308086 0.31846 0.328943 0.33949 0.350058 0.360598 0.371057 0.381383 0.39152 0.401411 0.410998 0.420226 0.429038 0.437383 0.44521 0.452476 0.45914 0.46517 0.470541 0.475235 0.479243 0.482565 0.485213 0.487204 0.488568 0.489343 0.489574 0.489318 0.488633 0.487589 0.486255 0.484708 0.483024 0.481278 0.479547 0.4779 0.476403 0.475115 0.474082 0.473342 0.472916 0.472813 0.473021 0.473513 0.474241 0.475141
0.17303 0.178185 0.183735 0.18968 0.196021 0.202757 0.209888 0.217409 0.225318 0.233609 0.242275 0.251305 0.260688 0.270408 0.280447 0.290783 0.301392 0.312244 0.323306 0.33454 0.345905 0.357356 0.368841 0.380308 0.3917 0.402956 0.414015 0.424813 0.435284 0.445365 0.454994 0.46411 0.472656 0.480582 0.487843 0.4944 0.500224 0.505295 0.509602 0.513147 0.515941 0.518005 0.519374 0.520092 0.520211 0.519797 0.518919 0.517657 0.516093 0.514317 0.512419 0.510488 0.508614 0.506881 0.505367 0.504144 0.503269 0.502788 0.50273 0.503105 0.503903 0.505091 0.506613 0.50839
0.178365 0.183822 0.189702 0.196009 0.202742 0.209903 0.217492 0.225507 0.233944 0.242801 0.252069 0.26174 0.271802 0.282239 0.293034 0.304165 0.315604 0.327322 0.339282 0.351446 0.363767 0.376196 0.388679 0.401156 0.413565 0.425838 0.437905 0.449696 0.461137 0.472155 0.48268 0.492642 0.501978 0.510628 0.518541 0.525673 0.531989 0.537468 0.542095 0.545873 0.548814 0.550943 0.5523 0.552935 0.55291 0.5523 0.551187 0.549663 0.547827 0.54578 0.543629 0.541482 0.539443 0.537614 0.536089 0.534954 0.53428 0.534125 0.534525 0.535498 0.537033 0.539094 0.541614 0.544499
0.183804 0.189575 0.195802 0.202486 0.209631 0.217238 0.225309 0.233843 0.242839 0.252292 0.262199 0.272549 0.283333 0.294535 0.306137 0.318117 0.330447 0.343094 0.356022 0.369188 0.382543 0.396033 0.409599 0.423174 0.436691 0.450073 0.463243 0.47612 0.488623 0.500669 0.512177 0.523069 0.533271 0.542715 0.551342 0.559101 0.565953 0.571871 0.576841 0.580862 0.583949 0.586132 0.587456 0.587978 0.587772 0.586922 0.585525 0.583688 0.581526 0.579159 0.576711 0.57431 0.572079 0.57014 0.568608 0.567585 0.567161 0.567407 0.568374 0.570084 0.572531 0.575676 0.579442 0.583715
0.189334 0.195434 0.202021 0.2091 0.216675 0.224749 0.233325 0.242405 0.251987 0.262071 0.272652 0.283722 0.295271 0.307286 0.319748 0.332633 0.345915 0.35956 0.373528 0.387773 0.402244 0.416882 0.431621 0.446389 0.461111 0.475702 0.490076 0.504142 0.517808 0.53098 0.543566 0.555477 0.566628 0.576943 0.586351 0.594795 0.602229 0.608621 0.613955 0.618229 0.621461 0.623684 0.624949 0.625323 0.624891 0.62375 0.622013 0.619803 0.617255 0.614508 0.61171 0.609009 0.606553 0.604487 0.602948 0.602062 0.601941 0.602674 0.604329 0.60694 0.610506 0.614987 0.620295 0.626296
0.194942 0.201383 0.208345 0.215835 0.223858 0.23242 0.241525 0.251176 0.261374 0.272121 0.283412 0.295241 0.307601 0.320477 0.333852 0.347703 0.362002 0.376713 0.391796 0.407202 0.422874 0.438751 0.454759 0.470822 0.486853 0.50276 0.518447 0.533811 0.548748 0.563152 0.576919 0.589947 0.60214 0.613407 0.623669 0.63286 0.640926 0.64783 0.653551 0.658089 0.661461 0.663707 0.664883 0.665069 0.664359 0.662867 0.660724 0.658072 0.655066 0.651871 0.648659 0.645604 0.64288 0.640662 0.639114 0.638389 0.638627 0.639942 0.642423 0.646121 0.651046 0.657159 0.664364 0.672504
0.200614 0.207407 0.214758 0.222674 0.231164 0.240233 0.249889 0.260137 0.270981 0.282422 0.294459 0.307088 0.320303 0.33409 0.348433 0.363309 0.37869 0.39454 0.410816 0.427466 0.44443 0.461641 0.47902 0.496483 0.513934 0.531271 0.548387 0.565166 0.581491 0.597243 0.612303 0.626553 0.639885 0.652194 0.66339 0.673395 0.682147 0.689601 0.695735 0.700545 0.704053 0.7063 0.707353 0.707301 0.706255 0.704344 0.701718 0.698543 0.694999 0.691276 0.687574 0.684099 0.681056 0.678652 0.677085 0.676543 0.677197 0.679195 0.682653 0.687649 0.694209 0.702301 0.711821 0.722592
0.206334 0.21349 0.221243 0.2296 0.238572 0.248169 0.258398 0.269268 0.280784 0.292951 0.305769 0.319238 0.333352 0.348099 0.363465 0.379428 0.395958 0.41302 0.430568 0.448549 0.466898 0.485543 0.5044 0.523374 0.542361 0.561249 0.579917 0.598236 0.616075 0.633297 0.649768 0.665355 0.679932 0.69338 0.705595 0.716486 0.725981 0.734028 0.7406 0.745692 0.749326 0.75155 0.75244 0.752096 0.750646 0.748237 0.745043 0.741253 0.737075 0.732731 0.728451 0.724477 0.721051 0.718416 0.716812 0.716466 0.717591 0.720377 0.724977 0.731503 0.740009 0.750477 0.762805 0.776791
0.212083 0.219614 0.22778 0.236592 0.246063 0.256204 0.267027 0.278542 0.290757 0.303681 0.317315 0.331662 0.346718 0.362475 0.378919 0.396028 0.413775 0.432122 0.451024 0.470424 0.490255 0.510437 0.53088 0.551482 0.572128 0.592693 0.613043 0.633035 0.652519 0.671342 0.689352 0.706397 0.722332 0.737023 0.750348 0.762202 0.772502 0.781186 0.788223 0.793604 0.797354 0.799527 0.800207 0.79951 0.797579 0.794585 0.790724 0.786214 0.781295 0.776221 0.771262 0.766695 0.762806 0.759883 0.758209 0.758063 0.759708 0.763383 0.769294 0.7776 0.788396 0.801691 0.817391 0.83528
0.217843 0.225758 0.234348 0.243628 0.253612 0.264314 0.27575 0.287932 0.300872 0.31458 0.329064 0.344326 0.360367 0.377181 0.394755 0.413071 0.432101 0.451808 0.472146 0.493054 0.514463 0.536288 0.55843 0.58078 0.60321 0.625585 0.647753 0.669555 0.690824 0.711387 0.73107 0.749702 0.767116 0.783159 0.797691 0.81059 0.821759 0.831128 0.838656 0.844334 0.848187 0.850276 0.850695 0.849575 0.847078 0.843399 0.838761 0.833414 0.827632 0.821707 0.815949 0.81068 0.806231 0.802942 0.801151 0.801192 0.803389 0.808047 0.815437 0.825781 0.839232 0.855849 0.875562 0.898149
0.223595 0.231901 0.240925 0.250683 0.261193 0.272472 0.284537 0.297406 0.311094 0.325614 0.340976 0.357189 0.374255 0.392171 0.410928 0.430509 0.450888 0.472028 0.493881 0.516387 0.539472 0.563045 0.587001 0.61122 0.635565 0.659884 0.684011 0.707768 0.730967 0.753413 0.774911 0.795265 0.814285 0.831796 0.847636 0.861666 0.873774 0.883875 0.891922 0.897903 0.901844 0.903811 0.903911 0.902291 0.899134 0.894661 0.889125 0.882811 0.876029 0.869115 0.862421 0.856321 0.851198 0.847446 0.845465 0.845658 0.84842 0.854133 0.863152 0.875784 0.892267 0.912731 0.937159 0.965341
0.229317 0.238022 0.247487 0.257732 0.268778 0.280646 0.293356 0.30693 0.321386 0.336741 0.353011 0.370207 0.388335 0.407396 0.427384 0.448285 0.470075 0.492718 0.516166 0.540357 0.565214 0.59064 0.616525 0.642737 0.669127 0.695528 0.721757 0.747616 0.772894 0.797373 0.820831 0.843047 0.863806 0.882905 0.90016 0.91541 0.928526 0.93941 0.948005 0.954293 0.958303 0.960108 0.959826 0.957622 0.953702 0.948315 0.941749 0.934323 0.926391 0.918333 0.910552 0.903472 0.897536 0.8932 0.890932 0.891211 0.894516 0.901323 0.912088 0.927231 0.947103 0.971943 1.00182 1.03658
0.234987 0.244094 0.254006 0.264746 0.276337 0.288804 0.302172 0.316465 0.331706 0.347918 0.365119 0.383326 0.40255 0.422794 0.444059 0.466331 0.489591 0.513803 0.538921 0.564881 0.591603 0.618986 0.646911 0.675237 0.703802 0.732423 0.760899 0.789008 0.816517 0.84318 0.868748 0.892969 0.915601 0.936411 0.95519 0.971753 0.98595 0.997667 1.00684 1.01344 1.01749 1.01909 1.01836 1.01548 1.01069 1.00426 0.99652 0.987828 0.978582 0.969211 0.960171 0.951944 0.945033 0.939964 0.937279 0.937541 0.941324 0.949212 0.961786 0.979603 1.00316 1.03287 1.06892 1.11126
0.24058 0.250094 0.260457 0.271696 0.283838 0.296912 0.310946 0.325969 0.34201 0.359095 0.377248 0.39649 0.416838 0.4383 0.46088 0.48457 0.509352 0.535195 0.562053 0.58986 0.618535 0.647972 0.678045 0.708603 0.739469 0.770446 0.801309 0.831816 0.861706 0.890705 0.918531 0.944902 0.969542 0.992189 1.0126 1.03057 1.04592 1.05852 1.06829 1.0752 1.07929 1.08063 1.07938 1.07573 1.06995 1.06234 1.05327 1.04315 1.03242 1.02155 1.01106 1.0015 0.993432 0.987452 0.984184 0.98428 0.98842 0.997309 1.01167 1.03223 1.05967 1.09461 1.13746 1.18833
0.246074 0.255994 0.26681 0.27855 0.291246 0.304931 0.319637 0.335398 0.352248 0.370218 0.389339 0.409635 0.43113 0.453837 0.477766 0.502913 0.529264 0.556791 0.58545 0.615176 0.645884 0.677466 0.709787 0.742686 0.775974 0.809434 0.842822 0.875869 0.908286 0.939768 0.969999 0.998661 1.02544 1.05005 1.0722 1.09167 1.10824 1.12178 1.13217 1.1394 1.14348 1.14452 1.14267 1.13815 1.13126 1.12234 1.11179 1.10006 1.08765 1.0751 1.06297 1.05187 1.04243 1.03533 1.03128 1.03101 1.03532 1.04504 1.06106 1.08428 1.11563 1.15598 1.20602 1.26613
0.251442 0.261768 0.273035 0.285276 0.298526 0.312822 0.328202 0.344705 0.362369 0.381232 0.401328 0.422692 0.445349 0.469323 0.494625 0.52126 0.549218 0.578474 0.608986 0.640691 0.673503 0.707309 0.741968 0.777309 0.813128 0.84919 0.885228 0.920948 0.95603 0.990134 1.02291 1.054 1.08305 1.10973 1.13373 1.15478 1.17264 1.18716 1.1982 1.20574 1.2098 1.21048 1.20795 1.20247 1.19435 1.18397 1.17178 1.15827 1.144 1.12956 1.11557 1.10271 1.09168 1.08323 1.07814 1.07726 1.08148 1.09177 1.10917 1.13481 1.16986 1.21548 1.27272 1.34234
0.256659 0.267387 0.279101 0.291839 0.305639 0.320544 0.336596 0.353839 0.372316 0.392073 0.413149 0.435585 0.459415 0.484666 0.511359 0.539502 0.569093 0.600111 0.632517 0.666249 0.701222 0.737318 0.774391 0.812259 0.850704 0.889472 0.928273 0.966786 1.00466 1.04151 1.07695 1.11059 1.14203 1.1709 1.19684 1.21955 1.23877 1.2543 1.26602 1.27387 1.27787 1.27814 1.27486 1.26831 1.25884 1.24687 1.23287 1.21742 1.2011 1.18457 1.16851 1.15367 1.14081 1.13074 1.12435 1.12254 1.12634 1.13682 1.1552 1.18279 1.22102 1.27138 1.3353 1.41397
0.261699 0.272822 0.284977 0.298205 0.312549 0.328055 0.344771 0.362747 0.382032 0.402677 0.42473 0.448236 0.473237 0.499769 0.527858 0.55752 0.588758 0.621558 0.655884 0.691677 0.728851 0.767286 0.806831 0.847292 0.888439 0.929998 0.971655 1.01306 1.05382 1.09353 1.13176 1.16805 1.20198 1.23313 1.26109 1.28553 1.30616 1.32275 1.33515 1.3433 1.34722 1.34703 1.34293 1.33522 1.32429 1.31058 1.29465 1.27707 1.25853 1.23971 1.22138 1.20432 1.18938 1.17744 1.16943 1.16636 1.16933 1.17953 1.19832 1.22718 1.26777 1.32186 1.39129 1.47763
