MatLab_Code/Uz_3D.grd
DSAA
101 101
-2500 2500
-2500 2500
0.0737105 3.24229
[rows 56 to 83 of 101, columns 0 to 63 of 101]
0.259918 0.27155 0.284168 0.297811 0.312523 0.328347 0.345328 0.36351 0.382939 0.403658 0.425709 0.449131 0.473959 0.50022 0.527936 0.557116 0.587758 0.619845 0.653341 0.688186 0.724295 0.761552 0.799809 0.838876 0.878526 0.918486 0.958442 0.998039 1.03688 1.07454 1.11058 1.14452 1.17593 1.20435 1.22938 1.25066 1.26788 1.28082 1.28931 1.29329 1.29277 1.28785 1.27871 1.2656 1.24882 1.22876 1.20583 1.18046 1.15313 1.12431 1.09447 1.06407 1.03354 1.0033 0.973725 0.945173 0.917953 0.892342 0.868586 0.846896 0.827454 0.810414 0.795902 0.784018
0.255242 0.266553 0.278811 0.29205 0.306309 0.321629 0.338048 0.355606 0.374342 0.394294 0.415498 0.437985 0.461783 0.486913 0.51339 0.541219 0.570394 0.600894 0.632681 0.665698 0.699865 0.735072 0.77118 0.808015 0.845362 0.882971 0.920547 0.957756 0.994228 1.02956 1.06333 1.0951 1.12445 1.15094 1.1742 1.19389 1.20973 1.22151 1.22909 1.23243 1.23155 1.22655 1.21763 1.20504 1.18906 1.17007 1.14844 1.12459 1.09893 1.07191 1.04395 1.01545 0.98682 0.958422 0.930601 0.903668 0.877904 0.85356 0.830852 0.809968 0.791069 0.774284 0.75972 0.747454
0.250475 0.26147 0.273371 0.286211 0.300025 0.314849 0.330717 0.347665 0.365726 0.38493 0.405309 0.426886 0.449683 0.473716 0.498993 0.525514 0.553271 0.58224 0.612385 0.643653 0.675968 0.709231 0.743316 0.778063 0.813278 0.848728 0.88414 0.9192 0.953559 0.986832 1.01861 1.04848 1.07601 1.1008 1.12247 1.14071 1.15525 1.1659 1.17255 1.17516 1.17378 1.16855 1.15965 1.14735 1.13194 1.11377 1.09321 1.07064 1.04645 1.02103 0.994762 0.968017 0.941144 0.914472 0.888305 0.862919 0.838564 0.81546 0.793799 0.773747 0.755441 0.738993 0.724489 0.711987
0.245649 0.256333 0.267885 0.280336 0.293718 0.308061 0.323398 0.339756 0.357166 0.375652 0.395238 0.415942 0.43778 0.460761 0.484889 0.51016 0.536561 0.56407 0.592654 0.622263 0.652834 0.684278 0.716485 0.749315 0.782594 0.816113 0.849618 0.882817 0.915375 0.946917 0.977043 1.00533 1.03136 1.05472 1.07504 1.09199 1.10533 1.11488 1.12054 1.12231 1.12026 1.11456 1.10543 1.09313 1.078 1.06037 1.04059 1.01903 0.996049 0.972 0.947224 0.922046 0.896772 0.871691 0.847066 0.82314 0.800128 0.778225 0.757596 0.738385 0.720709 0.704663 0.690316 0.677712
0.240792 0.251173 0.262389 0.274466 0.287433 0.301318 0.316148 0.331948 0.34874 0.366547 0.385383 0.405264 0.426196 0.448184 0.471226 0.495314 0.520435 0.546568 0.573682 0.601737 0.630681 0.660443 0.690934 0.722038 0.753606 0.785454 0.817355 0.849034 0.880166 0.910381 0.939269 0.966391 0.991304 1.01358 1.03282 1.04869 1.06094 1.06939 1.07399 1.07475 1.07179 1.06533 1.05561 1.04297 1.02774 1.01028 0.99095 0.970089 0.948032 0.925097 0.901582 0.877769 0.853919 0.830278 0.807072 0.784504 0.762761 0.742006 0.722381 0.704009 0.686988 0.671396 0.657288 0.644696
0.23593 0.246023 0.256918 0.268641 0.281217 0.294672 0.309027 0.324306 0.340526 0.357702 0.375845 0.394962 0.415056 0.436122 0.458155 0.481143 0.50507 0.529918 0.555663 0.582275 0.609719 0.637945 0.666892 0.696475 0.726579 0.757053 0.787699 0.818261 0.848424 0.877808 0.905979 0.932458 0.956751 0.978373 0.996885 1.01192 1.0232 1.03056 1.03396 1.03347 1.02927 1.02163 1.01089 0.997429 0.981642 0.963917 0.944622 0.924092 0.902634 0.880526 0.858023 0.835358 0.812746 0.790387 0.768466 0.747149 0.726589 0.706922 0.688266 0.67072 0.654367 0.639268 0.625467 0.612985
0.23109 0.240911 0.251506 0.262899 0.275113 0.288172 0.302094 0.316899 0.3326 0.349207 0.366726 0.385155 0.40449 0.424722 0.445837 0.467818 0.49065 0.514314 0.538796 0.564079 0.59015 0.616989 0.644568 0.672845 0.701751 0.731179 0.760969 0.790893 0.820642 0.849819 0.877939 0.90445 0.928766 0.950306 0.968543 0.983045 0.993502 0.999745 1.00176 0.999672 0.993752 0.984375 0.971993 0.957092 0.940152 0.921616 0.901871 0.881247 0.860022 0.83843 0.816673 0.79493 0.773364 0.752124 0.731352 0.711174 0.69171 0.673065 0.655334 0.638594 0.622912 0.608335 0.594895 0.582605
0.226296 0.235865 0.246184 0.257276 0.269163 0.281867 0.295406 0.309795 0.325043 0.341156 0.358132 0.375965 0.394641 0.414142 0.434445 0.45553 0.477374 0.499963 0.523291 0.547359 0.57218 0.597771 0.624154 0.651341 0.679325 0.708063 0.737453 0.767306 0.797326 0.827085 0.85602 0.883457 0.908654 0.930869 0.949434 0.963805 0.973612 0.978672 0.979003 0.974817 0.966506 0.954607 0.939748 0.922581 0.903716 0.883682 0.862901 0.841693 0.820296 0.798885 0.777598 0.756547 0.735834 0.715553 0.695794 0.676645 0.658187 0.640497 0.623644 0.607685 0.59267 0.578632 0.565595 0.553565
0.221571 0.23091 0.24098 0.251805 0.263407 0.275806 0.28902 0.30306 0.317934 0.333643 0.35018 0.367527 0.385664 0.404559 0.42418 0.444494 0.465474 0.487104 0.509387 0.532345 0.556024 0.580491 0.605828 0.632124 0.659461 0.687885 0.717383 0.747835 0.778971 0.810328 0.841227 0.870797 0.898047 0.921973 0.941675 0.956445 0.965816 0.96958 0.967797 0.960789 0.949131 0.933602 0.915104 0.894548 0.872751 0.85036 0.827839 0.805486 0.783475 0.761897 0.740801 0.720218 0.700173 0.680696 0.661823 0.643596 0.626058 0.609256 0.593232 0.578025 0.563666 0.55018 0.537577 0.525859
0.216935 0.226069 0.235923 0.246519 0.257882 0.270033 0.282989 0.296761 0.311356 0.32677 0.342989 0.359989 0.377734 0.396178 0.415273 0.434968 0.455224 0.47602 0.497366 0.519305 0.541926 0.565355 0.589759 0.615329 0.642265 0.670749 0.700904 0.732729 0.766021 0.800287 0.834689 0.868051 0.898976 0.926041 0.947987 0.963861 0.973065 0.975355 0.970838 0.959982 0.943616 0.922888 0.899127 0.873658 0.847606 0.821787 0.796698 0.772577 0.749487 0.727393 0.706222 0.685896 0.66635 0.647538 0.629435 0.612031 0.595334 0.579355 0.564114 0.549628 0.535913 0.522981 0.510834 0.499469
0.212403 0.221362 0.231033 0.241444 0.252622 0.264589 0.277365 0.290964 0.305392 0.320642 0.336694 0.353515 0.371052 0.389241 0.408005 0.427268 0.446968 0.467069 0.487581 0.508571 0.530176 0.552601 0.576118 0.601053 0.627772 0.656648 0.688013 0.72207 0.758765 0.797622 0.837594 0.877041 0.913907 0.946084 0.971769 0.989676 0.999051 0.99961 0.991508 0.975377 0.952386 0.924232 0.892936 0.860484 0.82847 0.797921 0.769323 0.742775 0.718147 0.695214 0.673733 0.653485 0.634295 0.61603 0.598596 0.581933 0.566004 0.550792 0.536288 0.522493 0.509405 0.497026 0.485351 0.474369
0.207991 0.216803 0.22633 0.236603 0.247653 0.259509 0.272196 0.285731 0.300123 0.315366 0.331437 0.34829 0.365854 0.384036 0.402723 0.421796 0.44115 0.460717 0.480495 0.500575 0.521147 0.542516 0.565087 0.589365 0.61593 0.645419 0.678474 0.715634 0.757148 0.802673 0.850943 0.899613 0.945543 0.985504 1.01688 1.03799 1.04794 1.04643 1.03365 1.01034 0.9781 0.939426 0.897462 0.855279 0.815176 0.778399 0.745307 0.715704 0.689141 0.66511 0.64314 0.622838 0.603899 0.586092 0.56925 0.553259 0.538041 0.523545 0.50974 0.496605 0.484128 0.472297 0.461101 0.450525
0.203708 0.212405 0.221828 0.232013 0.243 0.254824 0.267521 0.281117 0.295629 0.311055 0.32737 0.344521 0.362415 0.380919 0.399867 0.419072 0.438357 0.457591 0.476739 0.495902 0.51534 0.535476 0.556893 0.580313 0.606591 0.636705 0.671721 0.712697 0.760432 0.81498 0.874946 0.93697 0.996102 1.04726 1.08667 1.11228 1.12324 1.1193 1.10058 1.06781 1.02294 0.969621 0.912848 0.857496 0.806874 0.762353 0.723895 0.690762 0.662009 0.636737 0.614189 0.593769 0.575025 0.557623 0.541323 0.525955 0.511401 0.497581 0.48444 0.471941 0.460056 0.448767 0.438053 0.427898
0.19956 0.208175 0.217534 0.227684 0.238674 0.250554 0.263372 0.277171 0.291981 0.307814 0.324652 0.342436 0.36105 0.380316 0.399989 0.419777 0.43938 0.458552 0.477184 0.49537 0.513448 0.532003 0.551839 0.573953 0.599525 0.629935 0.666778 0.711815 0.766725 0.83241 0.90767 0.987791 1.0649 1.13095 1.18068 1.21193 1.22424 1.21757 1.19183 1.14736 1.08618 1.01345 0.937101 0.864923 0.801565 0.748193 0.703912 0.667111 0.636159 0.609679 0.586586 0.566065 0.547517 0.530508 0.514727 0.499953 0.486033 0.472858 0.460353 0.448466 0.437158 0.426401 0.41617 0.406444
0.195549 0.204113 0.213449 0.223617 0.234681 0.246708 0.259766 0.273923 0.289235 0.305738 0.323435 0.342272 0.362117 0.382737 0.403784 0.424804 0.445294 0.464801 0.483062 0.500132 0.51645 0.532825 0.550361 0.570392 0.594463 0.624375 0.662277 0.710731 0.772552 0.85 0.942688 1.04456 1.14337 1.22667 1.2877 1.32487 1.3386 1.32919 1.2962 1.23906 1.15924 1.06336 0.963746 0.872531 0.795682 0.733528 0.683798 0.643733 0.610922 0.583483 0.560016 0.539503 0.521214 0.504627 0.489371 0.475183 0.461879 0.449328 0.437438 0.426143 0.415397 0.405162 0.395412 0.386119
0.191671 0.200214 0.209567 0.219805 0.231011 0.243277 0.256701 0.271384 0.287422 0.304896 0.323849 0.344258 0.365992 0.388767 0.412103 0.43531 0.457553 0.478005 0.49611 0.511818 0.525714 0.53895 0.553071 0.569836 0.591175 0.619256 0.656679 0.706656 0.77305 0.859533 0.967086 1.09011 1.21013 1.30844 1.37866 1.42037 1.43504 1.42341 1.38458 1.31693 1.22071 1.10216 0.979839 0.872057 0.784292 0.71546 0.661837 0.619586 0.585642 0.557723 0.534191 0.51388 0.495967 0.479866 0.465166 0.451573 0.438881 0.426941 0.41565 0.404932 0.394733 0.385011 0.375735 0.366876
0.187919 0.196466 0.205872 0.216228 0.227642 0.240237 0.254149 0.269529 0.286533 0.305309 0.325975 0.348577 0.373029 0.399023 0.425934 0.452747 0.478092 0.500483 0.518783 0.532715 0.543112 0.551724 0.560783 0.572622 0.589556 0.613986 0.648695 0.697112 0.763493 0.852082 0.964598 1.09644 1.22547 1.32931 1.40258 1.44554 1.46015 1.44734 1.406 1.33401 1.23089 1.10186 0.969109 0.854562 0.762639 0.691449 0.636618 0.593849 0.559813 0.532067 0.508882 0.48903 0.47165 0.456128 0.442034 0.429058 0.416981 0.405646 0.394943 0.384788 0.375124 0.365904 0.357096 0.348669
0.184278 0.192852 0.20234 0.212855 0.224535 0.237539 0.252055 0.268298 0.286504 0.306926 0.329801 0.355308 0.383477 0.414054 0.446306 0.478811 0.509375 0.535335 0.554431 0.565911 0.571074 0.572787 0.574443 0.579173 0.589652 0.608313 0.637739 0.680995 0.741757 0.823515 0.927093 1.04676 1.16395 1.25988 1.3281 1.36814 1.38146 1.36876 1.32912 1.26091 1.16436 1.04569 0.92345 0.815941 0.728624 0.660399 0.607525 0.566148 0.533187 0.50634 0.483955 0.464847 0.448175 0.433338 0.419908 0.407578 0.396127 0.385397 0.375273 0.365671 0.356529 0.347801 0.339452 0.331453
0.180732 0.189348 0.198939 0.209644 0.221634 0.235113 0.250329 0.267577 0.287204 0.309599 0.33518 0.36434 0.397349 0.43415 0.474036 0.515179 0.554212 0.586438 0.607382 0.61528 0.612412 0.603824 0.594888 0.589826 0.591584 0.602346 0.624111 0.659067 0.709612 0.777617 0.862368 0.957545 1.05071 1.12924 1.18627 1.22013 1.23115 1.21961 1.185 1.12674 1.04626 0.95015 0.850716 0.760058 0.684114 0.623183 0.574962 0.536658 0.505825 0.480546 0.459386 0.44129 0.425496 0.411446 0.398741 0.387088 0.376276 0.36615 0.356599 0.347538 0.338908 0.330661 0.322761 0.315181
0.177258 0.185924 0.195629 0.206541 0.218867 0.232863 0.248845 0.267205 0.28842 0.313059 0.34178 0.375293 0.414254 0.459035 0.50923 0.562802 0.614922 0.657559 0.682047 0.684603 0.669479 0.645848 0.622338 0.604509 0.595327 0.59637 0.608724 0.633419 0.671408 0.722957 0.786351 0.85647 0.925134 0.984058 1.0278 1.05409 1.06236 1.0525 1.02435 0.978209 0.916053 0.842993 0.766931 0.69561 0.633635 0.582124 0.540136 0.506007 0.478055 0.454846 0.435245 0.418381 0.403605 0.390431 0.378501 0.367552 0.357388 0.347867 0.338881 0.330352 0.32222 0.314442 0.306982 0.299813
0.173833 0.182546 0.192365 0.203485 0.216151 0.230674 0.247447 0.266969 0.289864 0.316913 0.349068 0.387446 0.433251 0.487532 0.550577 0.620565 0.691218 0.74982 0.780358 0.775029 0.742043 0.697847 0.655658 0.622347 0.600456 0.590558 0.592593 0.606377 0.631596 0.667381 0.711615 0.760382 0.808313 0.850013 0.88149 0.900514 0.906104 0.897918 0.876003 0.841025 0.794874 0.741153 0.684797 0.630628 0.581895 0.539907 0.50456 0.475047 0.450353 0.429504 0.411671 0.396186 0.382526 0.370288 0.359171 0.348943 0.339434 0.330513 0.322084 0.314075 0.30643 0.299108 0.292075 0.285306
0.17043 0.179179 0.189097 0.200405 0.21339 0.228417 0.245955 0.266614 0.291178 0.320654 0.356319 0.399753 0.452809 0.517398 0.594813 0.683857 0.77717 0.857783 0.89794 0.88115 0.824242 0.755333 0.69179 0.641431 0.605981 0.584735 0.576398 0.579657 0.593206 0.615473 0.644251 0.67649 0.708526 0.736747 0.758261 0.77117 0.774441 0.767659 0.75091 0.724879 0.691076 0.651944 0.610557 0.569918 0.532249 0.49872 0.469604 0.444618 0.423223 0.404817 0.388836 0.374797 0.362301 0.351032 0.340743 0.331244 0.322386 0.314059 0.306176 0.298674 0.291501 0.284621 0.278003 0.271623
0.167024 0.175788 0.185775 0.197235 0.210489 0.225954 0.244177 0.265869 0.291971 0.323711 0.36269 0.410947 0.470992 0.545602 0.637097 0.744925 0.860674 0.963156 1.01289 0.984706 0.904046 0.810675 0.726088 0.659036 0.610434 0.578339 0.560323 0.554115 0.557673 0.568987 0.585867 0.605823 0.626184 0.644392 0.658322 0.666453 0.667858 0.662126 0.649309 0.62995 0.605144 0.576509 0.545987 0.515481 0.486495 0.459961 0.436263 0.41539 0.397102 0.38106 0.366906 0.354308 0.342979 0.33268 0.323218 0.31444 0.306225 0.298478 0.291128 0.284117 0.277401 0.270948 0.26473 0.258726
0.163592 0.172337 0.182352 0.193906 0.207353 0.223156 0.241923 0.264463 0.291849 0.325507 0.36732 0.419733 0.485806 0.569025 0.672453 0.795835 0.929407 1.04739 1.10304 1.06718 0.969194 0.856048 0.753746 0.672288 0.612171 0.570555 0.544131 0.5299 0.525297 0.528036 0.535956 0.546916 0.558825 0.569758 0.578104 0.582652 0.582618 0.57762 0.567655 0.553097 0.534689 0.513491 0.490744 0.467675 0.445302 0.424329 0.405131 0.387816 0.372312 0.35845 0.346019 0.334803 0.324605 0.315251 0.306597 0.298522 0.290931 0.283748 0.276911 0.270374 0.264098 0.258056 0.252222 0.24658
0.160112 0.168799 0.178786 0.190362 0.203902 0.219903 0.239027 0.262152 0.290459 0.325523 0.369447 0.424974 0.495562 0.585161 0.697226 0.831435 0.976751 1.10426 1.16317 1.12237 1.01312 0.886384 0.77123 0.678855 0.609731 0.560523 0.527352 0.506732 0.495757 0.491979 0.493266 0.4977 0.503538 0.509247 0.513552 0.515477 0.514364 0.509864 0.50192 0.49076 0.476865 0.46092 0.443724 0.426079 0.408677 0.392037 0.376476 0.362143 0.349052 0.337134 0.326276 0.316346 0.307214 0.298759 0.290877 0.283478 0.276487 0.269844 0.2635 0.257417 0.251563 0.245913 0.240449 0.235153
0.156569 0.165152 0.175048 0.186557 0.20007 0.216106 0.235357 0.258747 0.287524 0.323357 0.368483 0.425827 0.499074 0.592414 0.709452 0.849682 1.00122 1.13347 1.19374 1.14999 1.03437 0.899699 0.77666 0.677246 0.602048 0.547516 0.509469 0.484155 0.468483 0.459934 0.456423 0.456182 0.4577 0.459693 0.461112 0.461151 0.45925 0.455087 0.448567 0.439805 0.429097 0.416877 0.403664 0.389981 0.376304 0.363006 0.350344 0.338463 0.327415 0.31719 0.307734 0.298972 0.290825 0.28321 0.276055 0.269294 0.262873 0.256744 0.25087 0.245219 0.239767 0.234492 0.229379 0.224415
0.152955 0.161381 0.171116 0.182463 0.195817 0.211705 0.230828 0.254126 0.282867 0.318755 0.364067 0.421788 0.495676 0.589989 0.708362 0.850202 1.00332 1.13662 1.19683 1.15167 1.0335 0.895655 0.769312 0.666713 0.588493 0.531035 0.490054 0.461712 0.442875 0.431036 0.424185 0.420682 0.41918 0.418569 0.417961 0.41667 0.414212 0.41029 0.404782 0.397722 0.38928 0.379726 0.369391 0.358621 0.347739 0.337015 0.326645 0.316757 0.307417 0.298642 0.290414 0.282697 0.275442 0.2686 0.26212 0.255957 0.250071 0.244427 0.238996 0.233755 0.228683 0.223764 0.218985 0.214336
0.149266 0.157483 0.166985 0.178071 0.191131 0.206681 0.225412 0.248247 0.276429 0.311628 0.356075 0.412691 0.485157 0.577655 0.693781 0.833019 0.983467 1.11452 1.17346 1.12822 1.0109 0.87429 0.749021 0.647028 0.56884 0.510853 0.468844 0.43905 0.418423 0.404549 0.395531 0.389856 0.386313 0.383929 0.381933 0.379733 0.376905 0.373173 0.368399 0.362565 0.355755 0.348131 0.339899 0.331288 0.322517 0.313777 0.305216 0.296942 0.289017 0.281471 0.274308 0.267511 0.261058 0.254917 0.249056 0.243446 0.238059 0.232868 0.227854 0.222998 0.218285 0.213702 0.209239 0.204888
