MatLab_Code/Uz_3D.grd
DSAA
101 101
-2500 2500
-2500 2500
0.0737105 3.24229
[rows 28 to 55 of 101, columns 0 to 63 of 101]
0.266535 0.278045 0.290631 0.304338 0.319215 0.335311 0.352679 0.371376 0.391457 0.412978 0.435995 0.46056 0.486724 0.514528 0.544007 0.575186 0.608072 0.642658 0.678913 0.716782 0.756178 0.796981 0.839033 0.882133 0.926034 0.970444 1.01503 1.0594 1.10313 1.14578 1.18687 1.22591 1.26241 1.29591 1.32596 1.35219 1.37426 1.39193 1.40503 1.41347 1.41728 1.41658 1.4116 1.40265 1.39015 1.3746 1.35658 1.33674 1.3158 1.29452 1.27371 1.25422 1.23696 1.22286 1.21292 1.20821 1.2099 1.21928 1.23779 1.26704 1.30887 1.36527 1.43834 1.53001
0.271142 0.283026 0.29603 0.310203 0.325597 0.342267 0.360271 0.37967 0.400528 0.422906 0.446867 0.472472 0.499777 0.528835 0.559686 0.592363 0.626882 0.663241 0.701416 0.741355 0.782974 0.82615 0.87072 0.916474 0.963153 1.01045 1.05799 1.10537 1.15213 1.19778 1.24178 1.28362 1.32274 1.35864 1.39083 1.41888 1.44243 1.46119 1.47498 1.4837 1.48737 1.48613 1.4802 1.46994 1.45579 1.43829 1.41807 1.39584 1.37237 1.34846 1.325 1.30289 1.28308 1.26655 1.25437 1.24764 1.24758 1.25553 1.27298 1.30163 1.34337 1.40032 1.4747 1.5686
0.275493 0.287737 0.301144 0.315765 0.331656 0.348879 0.367496 0.387574 0.409183 0.43239 0.457267 0.483882 0.512299 0.542577 0.574768 0.608911 0.64503 0.683132 0.723197 0.765178 0.808992 0.854518 0.901589 0.949984 0.999433 1.0496 1.10011 1.15051 1.20031 1.24896 1.29591 1.34056 1.38233 1.42065 1.45499 1.48488 1.50991 1.52976 1.54424 1.55322 1.55674 1.55491 1.54799 1.53636 1.52049 1.50097 1.47848 1.45376 1.42763 1.40098 1.37472 1.34982 1.32725 1.30807 1.29335 1.28423 1.28195 1.28787 1.30348 1.33047 1.37073 1.42635 1.4995 1.59223
0.279563 0.292151 0.30594 0.320988 0.337354 0.355104 0.374306 0.395033 0.417359 0.441362 0.467117 0.494701 0.524187 0.555641 0.589125 0.624685 0.662355 0.702147 0.744049 0.788019 0.833977 0.881802 0.931321 0.982311 1.03448 1.08749 1.14092 1.19431 1.24711 1.29875 1.34861 1.39606 1.44045 1.48118 1.51766 1.54937 1.57587 1.5968 1.61195 1.62118 1.62451 1.62207 1.61414 1.60111 1.58348 1.5619 1.53707 1.50979 1.48095 1.45147 1.42231 1.39448 1.36901 1.34697 1.32945 1.31761 1.31269 1.31601 1.32904 1.35339 1.39086 1.44338 1.51294 1.60135
0.283329 0.29624 0.31039 0.325839 0.342652 0.360898 0.380652 0.401991 0.424996 0.44975 0.476337 0.50484 0.53534 0.567914 0.602628 0.63954 0.67869 0.720099 0.763763 0.809643 0.857663 0.907703 0.959588 1.01309 1.0679 1.12366 1.17994 1.23622 1.29195 1.3465 1.39921 1.4494 1.49637 1.53945 1.57802 1.61151 1.63943 1.66142 1.6772 1.68666 1.68978 1.68672 1.67776 1.66331 1.64393 1.62027 1.59309 1.56324 1.53165 1.49929 1.46718 1.43635 1.40787 1.38282 1.36231 1.34749 1.33956 1.33981 1.34963 1.37051 1.40408 1.45206 1.51614 1.59779
0.286768 0.299978 0.314463 0.330286 0.347514 0.366222 0.386489 0.408397 0.432034 0.457488 0.484851 0.514212 0.545661 0.579282 0.61515 0.653331 0.693873 0.736806 0.78213 0.829815 0.879786 0.931925 0.986055 1.04194 1.09926 1.15765 1.21664 1.2757 1.33423 1.39156 1.44701 1.49987 1.54936 1.5947 1.63527 1.67046 1.69975 1.72273 1.73912 1.74877 1.75168 1.74799 1.73801 1.72217 1.70104 1.67533 1.64583 1.61339 1.57903 1.54382 1.50875 1.47491 1.44337 1.41523 1.3916 1.37361 1.36242 1.35924 1.36537 1.38215 1.41102 1.45344 1.51078 1.58419
0.289857 0.303343 0.318135 0.334298 0.351906 0.371036 0.391772 0.414202 0.438417 0.464512 0.492586 0.522735 0.555056 0.589639 0.626569 0.665919 0.707746 0.752086 0.798947 0.848303 0.900085 0.954174 1.01039 1.06849 1.12816 1.189 1.25053 1.31218 1.37334 1.43329 1.49129 1.54667 1.59852 1.64599 1.68843 1.72521 1.75578 1.77968 1.79662 1.80643 1.80911 1.80481 1.79383 1.77664 1.75383 1.72614 1.6944 1.65945 1.62241 1.58441 1.54646 1.50965 1.47507 1.44384 1.41704 1.39578 1.38117 1.37435 1.37648 1.38878 1.41247 1.44877 1.49878 1.56335
0.292579 0.306312 0.321379 0.337849 0.355797 0.375306 0.396462 0.419358 0.444092 0.470763 0.499475 0.530331 0.563434 0.598883 0.63677 0.677173 0.720159 0.76577 0.81402 0.864888 0.918309 0.974166 1.03228 1.0924 1.1542 1.21727 1.28111 1.34514 1.40868 1.47102 1.53137 1.58899 1.64296 1.69236 1.73652 1.77475 1.80647 1.83121 1.84864 1.85858 1.86103 1.85613 1.84421 1.82574 1.80134 1.77179 1.73793 1.70066 1.6611 1.62046 1.57975 1.54008 1.50257 1.46831 1.43839 1.41386 1.39579 1.38523 1.38324 1.39089 1.40923 1.43926 1.48186 1.53769
0.294917 0.308867 0.324175 0.340912 0.359159 0.378998 0.400522 0.423826 0.449012 0.476185 0.505455 0.536929 0.570717 0.606923 0.645646 0.686972 0.730973 0.777698 0.827167 0.879364 0.934228 0.991641 1.05142 1.11333 1.17701 1.24205 1.30793 1.37405 1.43972 1.50416 1.56658 1.62619 1.68203 1.73314 1.7788 1.81831 1.85105 1.87651 1.89435 1.90438 1.9066 1.90114 1.88834 1.8687 1.84284 1.81157 1.77578 1.73636 1.6945 1.65141 1.60813 1.56579 1.5255 1.48836 1.45542 1.42772 1.40625 1.392 1.38593 1.38897 1.40203 1.42594 1.46144 1.50906
0.296854 0.31099 0.326503 0.343468 0.361967 0.382086 0.40392 0.427568 0.453136 0.480733 0.510472 0.542467 0.576832 0.613676 0.653104 0.695209 0.740066 0.787732 0.83823 0.89155 0.947632 1.00636 1.06756 1.13097 1.19624 1.26295 1.33056 1.39846 1.46592 1.53216 1.59633 1.65763 1.71505 1.7676 1.81454 1.85512 1.8887 1.91476 1.93293 1.94302 1.94501 1.93904 1.92545 1.90476 1.87761 1.84481 1.80729 1.76597 1.72204 1.67675 1.63115 1.58637 1.54353 1.50372 1.46797 1.43727 1.41258 1.3948 1.3848 1.38343 1.39146 1.40963 1.43855 1.47871
0.29838 0.312668 0.328349 0.345499 0.364201 0.384546 0.40663 0.430555 0.456429 0.484366 0.514481 0.546893 0.581719 0.619073 0.659065 0.701792 0.747334 0.795751 0.847072 0.901288 0.958345 1.01813 1.08045 1.14507 1.21162 1.27966 1.34866 1.41798 1.48687 1.55454 1.62011 1.68275 1.74143 1.79513 1.84308 1.88451 1.91875 1.94526 1.96367 1.97377 1.97554 1.96912 1.95485 1.93325 1.905 1.87091 1.83191 1.78895 1.74325 1.69606 1.64843 1.60151 1.55642 1.51421 1.47591 1.44247 1.41479 1.39373 1.38008 1.37459 1.37798 1.39087 1.41385 1.44736
0.299486 0.313891 0.329699 0.34699 0.365847 0.386361 0.408632 0.432763 0.458865 0.487053 0.517446 0.550165 0.585331 0.623061 0.663466 0.706649 0.752692 0.801659 0.853582 0.908455 0.966224 1.02677 1.08993 1.15542 1.2229 1.29192 1.36193 1.43227 1.50222 1.57092 1.63751 1.70112 1.76071 1.81523 1.8639 1.90593 1.94062 1.96744 1.98599 1.99606 1.99761 1.9908 1.97598 1.95365 1.9245 1.88936 1.84918 1.8049 1.75775 1.70899 1.65969 1.61098 1.56396 1.51969 1.47915 1.44328 1.41293 1.38889 1.37192 1.36271 1.36189 1.37005 1.38772 1.41539
0.300165 0.314651 0.330547 0.347933 0.366892 0.387518 0.409911 0.434175 0.460424 0.488773 0.519342 0.552255 0.587634 0.625599 0.666262 0.709728 0.756082 0.805389 0.857684 0.91296 0.971165 1.03219 1.09584 1.16187 1.22992 1.29953 1.37015 1.44112 1.5117 1.58102 1.64822 1.71241 1.77253 1.82753 1.87661 1.91897 1.95391 1.98087 1.99945 2.00945 2.01081 2.00369 1.98843 1.96556 1.93575 1.89984 1.85878 1.81352 1.76528 1.71533 1.66472 1.61459 1.56602 1.52005 1.47765 1.4397 1.40703 1.38039 1.36049 1.34796 1.3434 1.34736 1.36036 1.3829
0.300415 0.314946 0.330889 0.348322 0.367332 0.388011 0.41046 0.434784 0.461096 0.489512 0.520155 0.553146 0.58861 0.626665 0.667428 0.711 0.75747 0.806901 0.85933 0.91475 0.97311 1.0343 1.09813 1.16434 1.23257 1.30238 1.37321 1.44438 1.51516 1.58468 1.65206 1.71642 1.77669 1.83182 1.88099 1.92341 1.95837 1.98531 2.00382 2.01369 2.01487 2.00752 1.99198 1.96875 1.93853 1.90214 1.86052 1.81463 1.76569 1.71494 1.66344 1.61229 1.56257 1.5153 1.47142 1.43178 1.39718 1.36833 1.3459 1.33048 1.32264 1.32292 1.33183 1.34987
0.300235 0.314775 0.330723 0.348159 0.367166 0.38784 0.410278 0.434587 0.460879 0.489271 0.519882 0.552835 0.588254 0.626257 0.666958 0.710459 0.756847 0.806186 0.85851 0.913813 0.972042 1.03308 1.09676 1.16279 1.23084 1.30045 1.37106 1.44202 1.51256 1.58184 1.64898 1.7131 1.77313 1.82803 1.87698 1.91918 1.95393 1.98068 1.99901 2.00872 2.00975 2.00225 1.98655 1.96318 1.93279 1.89621 1.85438 1.80823 1.75897 1.70782 1.65583 1.60409 1.55364 1.50548 1.46052 1.4196 1.38346 1.35281 1.32825 1.31038 1.29973 1.2968 1.30212 1.31621
0.299631 0.314143 0.330056 0.347446 0.3664 0.387009 0.409371 0.433592 0.459782 0.488056 0.518533 0.551333 0.586578 0.624386 0.664866 0.708121 0.754233 0.803264 0.855248 0.910175 0.967992 1.02858 1.09177 1.15728 1.22477 1.29379 1.36377 1.43409 1.50397 1.57259 1.63906 1.70253 1.76194 1.81625 1.86466 1.90637 1.9407 1.9671 1.98515 1.99465 1.99554 1.98797 1.97227 1.94894 1.91864 1.88217 1.84045 1.79441 1.74521 1.69408 1.64202 1.5901 1.53934 1.49071 1.44509 1.40328 1.36602 1.33395 1.30769 1.28777 1.27472 1.26904 1.27122 1.28179
0.298607 0.313057 0.328893 0.346194 0.365043 0.38553 0.407752 0.431813 0.45782 0.485886 0.516128 0.548664 0.583611 0.621083 0.661189 0.704025 0.749672 0.798188 0.849602 0.903904 0.961035 1.02088 1.08326 1.14791 1.21448 1.28252 1.35149 1.42076 1.48957 1.55711 1.62252 1.68495 1.74337 1.79675 1.84431 1.88528 1.91897 1.94485 1.96252 1.97177 1.97255 1.96499 1.94942 1.92633 1.89635 1.86028 1.819 1.77341 1.72467 1.67394 1.62222 1.57053 1.51987 1.47117 1.42529 1.383 1.345 1.31192 1.28434 1.26277 1.24771 1.23966 1.23909 1.24653
0.297175 0.311527 0.327249 0.344416 0.363111 0.383421 0.405441 0.429272 0.455018 0.482791 0.512701 0.544864 0.579393 0.616397 0.655981 0.698235 0.743237 0.791039 0.841665 0.895103 0.951291 1.01011 1.07138 1.13485 1.20015 1.26687 1.33445 1.40228 1.46964 1.53572 1.59968 1.66071 1.71778 1.76992 1.81635 1.85633 1.88919 1.9144 1.9316 1.94056 1.94124 1.93377 1.91846 1.89578 1.86636 1.83095 1.79042 1.74563 1.69769 1.64774 1.59674 1.54567 1.49551 1.44714 1.40138 1.35899 1.32063 1.2869 1.25836 1.2355 1.2188 1.20872 1.20575 1.21038
0.295348 0.309569 0.325139 0.342131 0.360624 0.380704 0.402463 0.425998 0.451411 0.478807 0.508295 0.539983 0.573981 0.610392 0.649315 0.690834 0.735022 0.781924 0.83156 0.883912 0.938917 0.996454 1.05634 1.11832 1.18205 1.24711 1.31297 1.37902 1.44457 1.50883 1.571 1.63029 1.68571 1.7363 1.78134 1.82011 1.85195 1.87638 1.89301 1.90164 1.90224 1.89493 1.88 1.8579 1.82924 1.79474 1.75523 1.71154 1.66473 1.61591 1.56599 1.51591 1.4666 1.41892 1.37365 1.33151 1.29313 1.2591 1.22994 1.20613 1.18811 1.17633 1.17124 1.17333
0.29314 0.3072 0.322583 0.33936 0.357607 0.377408 0.398851 0.422029 0.447039 0.473982 0.502962 0.534082 0.567444 0.603146 0.64128 0.681925 0.725143 0.770977 0.819438 0.870505 0.924109 0.980128 1.03838 1.09861 1.16049 1.2236 1.28743 1.3514 1.41482 1.47696 1.53703 1.59428 1.64777 1.69657 1.73999 1.77734 1.80802 1.83152 1.84752 1.8558 1.85633 1.84923 1.83477 1.8134 1.78568 1.75231 1.71407 1.67175 1.62637 1.57898 1.53045 1.48168 1.43356 1.38689 1.34243 1.30086 1.2628 1.22878 1.19931 1.17483 1.15579 1.14259 1.13566 1.13544
0.290572 0.304441 0.319604 0.336129 0.35409 0.373566 0.394642 0.417406 0.441951 0.468371 0.496766 0.527231 0.559863 0.594752 0.631983 0.671626 0.713738 0.758352 0.805476 0.85508 0.907093 0.961391 1.01779 1.07605 1.13583 1.19674 1.25828 1.3199 1.38093 1.44068 1.49839 1.55335 1.60467 1.65146 1.69308 1.72885 1.75822 1.78071 1.796 1.8039 1.80437 1.79752 1.78363 1.76311 1.73648 1.70442 1.66765 1.62693 1.58323 1.53755 1.49068 1.4435 1.39684 1.35148 1.30812 1.26741 1.22993 1.1962 1.16669 1.14183 1.12202 1.10765 1.09912 1.09682
0.287663 0.301315 0.316228 0.332468 0.350106 0.369216 0.389878 0.412178 0.4362 0.462036 0.489776 0.519511 0.551329 0.585313 0.62154 0.660072 0.700957 0.744223 0.789869 0.83786 0.888121 0.940526 0.994895 1.05098 1.10847 1.16698 1.22602 1.28507 1.3435 1.40065 1.45579 1.50822 1.55714 1.60175 1.6414 1.67547 1.70342 1.72481 1.73934 1.74682 1.74724 1.74069 1.72742 1.70783 1.68242 1.6518 1.61668 1.5778 1.53602 1.49225 1.44728 1.40192 1.35696 1.31314 1.27112 1.23151 1.19487 1.16167 1.13237 1.10736 1.08703 1.07172 1.06179 1.05762
0.284437 0.297847 0.312484 0.32841 0.345691 0.364398 0.384607 0.406397 0.429848 0.455045 0.482071 0.51101 0.541942 0.574943 0.61008 0.647408 0.686968 0.728778 0.77283 0.819086 0.867464 0.917839 0.970032 1.0238 1.07885 1.13479 1.19118 1.2475 1.30317 1.35756 1.40998 1.45974 1.50611 1.54841 1.58599 1.61826 1.64471 1.66494 1.67867 1.68572 1.68608 1.67984 1.66724 1.64864 1.62452 1.59545 1.5621 1.52518 1.48548 1.44378 1.40087 1.35751 1.31445 1.27236 1.23188 1.19357 1.15796 1.12551 1.09662 1.07168 1.05102 1.03498 1.02387 1.01802
0.280919 0.294067 0.308404 0.323989 0.340885 0.359158 0.378879 0.40012 0.422959 0.44747 0.473732 0.501821 0.531808 0.563762 0.59774 0.633791 0.671945 0.712214 0.754584 0.799009 0.845407 0.893651 0.943564 0.994911 1.0474 1.10067 1.1543 1.20779 1.2606 1.31213 1.36174 1.40878 1.45257 1.49249 1.52793 1.55833 1.58323 1.60225 1.61514 1.62175 1.62204 1.61612 1.6042 1.58663 1.56384 1.53638 1.50485 1.46994 1.43236 1.39284 1.3521 1.31087 1.26984 1.22963 1.19083 1.15399 1.11959 1.08804 1.05975 1.03504 1.01425 0.997662 0.985562 0.978229
0.277136 0.290003 0.30402 0.319243 0.33573 0.353542 0.372746 0.393409 0.415601 0.43939 0.464849 0.492044 0.52104 0.551896 0.584663 0.61938 0.65607 0.694736 0.73536 0.777891 0.822242 0.868288 0.915855 0.964716 1.01459 1.06513 1.11593 1.16655 1.21644 1.26507 1.31184 1.35612 1.39732 1.43482 1.46808 1.49659 1.51992 1.53772 1.54975 1.55588 1.55609 1.55047 1.53922 1.52267 1.50123 1.47539 1.44572 1.41284 1.37741 1.34012 1.30162 1.2626 1.22367 1.18544 1.14844 1.11318 1.0801 1.0496 1.02204 0.997729 0.976963 0.960002 0.947094 0.938473
0.273115 0.285686 0.299368 0.314211 0.33027 0.347602 0.366267 0.386327 0.407845 0.430886 0.45551 0.48178 0.509752 0.539476 0.570996 0.604341 0.639528 0.676554 0.715393 0.755992 0.798263 0.84208 0.887273 0.933624 0.980862 1.02866 1.07665 1.12438 1.17137 1.21711 1.26104 1.30259 1.3412 1.37631 1.4074 1.43402 1.45577 1.47234 1.4835 1.48913 1.48923 1.48388 1.47328 1.45772 1.43759 1.41334 1.3855 1.35463 1.32136 1.28629 1.25006 1.21326 1.17648 1.14027 1.10513 1.07152 1.03986 1.0105 0.98379 0.960004 0.939406 0.92223 0.908686 0.898972
0.268885 0.28115 0.294484 0.308934 0.324551 0.341387 0.359498 0.378938 0.399767 0.422039 0.445811 0.471136 0.498063 0.526635 0.556886 0.58884 0.622505 0.657874 0.694916 0.733574 0.773759 0.815347 0.858176 0.902034 0.946664 0.99176 1.03696 1.08186 1.12602 1.16893 1.2101 1.24898 1.28506 1.31783 1.34681 1.37158 1.39177 1.40711 1.41739 1.4225 1.42246 1.41733 1.40731 1.39268 1.37379 1.35105 1.32497 1.29606 1.26488 1.232 1.19799 1.1634 1.12876 1.09458 1.06132 1.02941 0.99921 0.971072 0.94529 0.92213 0.901821 0.88457 0.870555 0.859936
0.264476 0.276427 0.289405 0.303454 0.31862 0.334951 0.352498 0.37131 0.391439 0.412935 0.435845 0.460217 0.486092 0.513505 0.542483 0.573043 0.605188 0.638904 0.674158 0.710889 0.749012 0.788405 0.828911 0.87033 0.912418 0.954887 0.9974 1.03958 1.08099 1.1212 1.15971 1.19605 1.22971 1.26024 1.28719 1.31017 1.32885 1.34297 1.35236 1.35693 1.35668 1.35171 1.34219 1.32838 1.31062 1.2893 1.26487 1.2378 1.20862 1.17783 1.14596 1.11351 1.08097 1.0488 1.0174 0.987182 0.958476 0.931594 0.906807 0.884351 0.864434 0.847233 0.8329 0.821561
